40 1 1 0 1 0 1 1 1 0 1 0 1 0 0 0 0
58 1 1 1 1 0 1 1 0 1 1 1 0 1 0 1 0
41 1 0 1 1 0 0 1 1 0 1 0 1 0 0 1 0
45 1 1 1 0 0 0 0 1 0 1 0 1 1 1 1 0
60 1 0 0 0 0 0 1 0 0 0 0 0 0 0 0 0
55 1 0 0 1 0 0 1 0 0 1 0 1 0 0 0 0
57 1 0 0 1 0 0 0 1 1 1 0 0 1 1 1 0
66 1 0 0 0 0 1 1 0 0 0 1 0 0 1 1 0
67 1 0 0 1 0 0 0 1 0 0 1 0 0 1 0 0
70 1 1 0 0 0 0 1 0 0 0 1 1 1 0 1 0
44 1 0 0 1 0 1 0 1 1 0 0 1 0 0 1 0
38 1 0 0 1 1 0 0 1 0 1 0 1 0 1 1 0
35 1 0 1 1 1 0 0 1 1 0 0 1 1 0 1 0
61 1 0 0 0 0 0 0 0 0 1 1 1 1 0 0 0
60 1 0 0 1 0 0 1 0 0 1 0 0 1 1 1 0
58 1 0 0 1 0 0 1 1 1 1 0 0 0 1 1 0
54 1 0 0 0 0 1 0 1 1 1 0 1 0 1 1 0
67 1 1 0 1 0 0 1 0 1 0 0 0 0 0 0 0
66 1 0 0 1 0 0 1 0 1 1 1 0 0 1 1 0
43 1 0 0 0 0 1 0 1 1 1 1 1 1 1 1 0
62 1 0 0 1 0 0 1 0 1 0 1 0 0 1 1 0
54 1 0 0 0 0 0 0 0 0 1 0 1 0 0 1 0
39 1 0 1 0 1 1 0 1 0 0 1 1 1 0 1 0
48 1 1 0 0 0 1 1 0 0 0 0 1 1 1 1 0
58 1 0 0 0 0 0 1 0 1 1 0 0 0 1 0 0
32 1 1 1 1 1 1 0 1 1 0 0 1 1 1 0 0
42 1 1 1 1 0 0 1 1 1 0 1 1 0 1 1 0
52 1 0 0 0 0 0 1 0 0 1 0 0 0 1 1 0
38 1 1 0 1 1 1 0 1 1 1 1 1 1 0 1 0
53 1 0 0 0 0 0 1 0 1 0 1 0 1 0 1 0
57 1 0 0 0 0 0 1 0 1 1 1 0 1 1 1 0
41 1 0 0 0 0 0 0 0 0 0 1 1 1 1 0 0
37 1 1 1 1 0 1 1 1 1 1 0 1 1 0 1 0
54 1 0 0 0 0 1 1 0 0 0 0 0 0 1 1 0
49 1 0 0 1 0 1 1 0 0 1 1 1 1 1 1 0
48 1 0 0 1 0 1 0 0 0 1 1 1 1 1 1 0
60 1 0 1 1 1 1 1 0 1 1 1 0 1 0 1 0
63 1 0 0 0 0 0 1 0 1 1 1 1 0 0 0 0
35 1 0 1 0 1 1 1 1 1 1 1 0 1 0 1 0
30 0 0 1 0 0 0 1 1 1 1 0 1 1 1 1 0
53 0 1 0 0 1 0 0 0 0 0 0 1 0 1 1 0
50 0 0 0 0 1 0 1 1 1 1 0 0 1 1 1 0
50 0 1 0 1 0 0 1 0 0 0 0 0 0 1 1 0
35 0 0 0 0 0 0 1 1 0 1 0 0 0 1 1 0
40 0 0 0 0 0 1 1 0 0 1 1 0 0 1 1 0
48 0 1 1 0 0 1 1 0 0 1 0 0 1 1 1 0
60 0 0 0 0 0 0 1 0 0 1 0 0 0 1 0 0
60 0 0 0 0 0 0 1 0 0 1 1 0 0 1 1 0
35 0 0 0 0 0 0 1 0 0 1 0 1 0 1 0 0
46 0 0 1 0 0 1 1 0 1 1 0 0 0 1 1 0
36 0 0 0 0 1 0 1 0 1 0 0 0 0 1 1 0
50 0 0 0 0 0 0 1 0 1 1 1 0 1 1 1 0
60 0 1 0 0 0 0 0 0 1 0 0 0 0 1 1 0
50 0 1 0 0 0 1 1 0 1 1 0 1 1 1 1 0
51 0 1 1 1 1 1 1 0 1 1 1 0 0 1 1 0
38 0 1 1 1 1 1 1 1 1 1 1 1 1 1 0 0
66 0 0 0 0 0 0 0 0 0 1 0 0 0 1 1 0
53 0 1 1 1 1 0 1 0 1 1 1 0 1 1 1 0
59 0 1 1 1 1 1 1 1 1 1 1 1 1 1 1 0
39 0 0 0 1 0 0 1 0 1 0 0 0 0 1 0 0
65 0 0 0 1 0 0 1 1 0 1 1 0 0 1 1 0
35 0 0 0 0 0 0 1 0 0 1 0 0 0 1 1 0
55 0 0 0 1 0 0 1 0 0 1 0 0 0 1 1 0
60 0 0 1 0 0 1 0 0 0 1 0 0 0 1 0 0
45 0 1 1 1 1 1 1 0 0 1 1 0 1 1 1 0
40 0 0 1 0 1 0 1 1 1 1 1 1 1 1 1 0
30 0 0 0 1 1 1 1 1 0 1 0 0 1 1 1 0
35 0 1 0 0 0 0 1 1 0 1 1 0 1 1 1 0
25 0 1 1 1 0 0 1 0 1 1 1 1 1 0 1 0
50 0 0 0 0 0 0 1 0 1 1 1 0 1 1 0 0
40 0 1 1 0 0 1 1 1 1 1 1 1 1 1 1 0
35 0 1 0 0 0 1 1 1 0 1 0 0 0 1 1 0
65 0 1 1 1 1 1 0 1 1 1 1 1 1 1 1 0
38 0 0 0 0 0 0 1 1 1 1 1 0 1 1 1 0
50 0 0 0 0 0 0 1 1 0 1 0 0 0 1 1 0
55 0 0 0 0 0 1 1 0 1 1 1 0 1 1 0 0
48 0 0 0 0 0 0 1 1 1 1 1 0 1 1 1 0
55 0 0 0 0 1 0 1 1 0 1 0 0 1 1 1 0
39 0 0 0 0 0 0 1 1 0 0 0 0 1 1 1 0
43 0 0 0 0 0 0 1 0 1 1 1 0 0 1 0 0
35 0 0 0 1 0 1 1 0 1 1 1 1 1 1 1 0
47 0 1 1 0 0 0 1 1 1 1 1 1 0 1 1 0
50 0 0 0 1 0 0 1 1 1 1 0 0 1 1 1 0
48 0 0 0 1 0 1 1 0 0 1 0 0 1 1 1 0
35 0 0 0 0 0 0 1 0 0 1 0 0 0 1 1 0
49 0 1 1 0 0 1 1 1 1 1 1 1 1 1 0 0
38 0 0 0 0 0 0 1 0 0 0 0 0 0 1 1 0
28 0 1 1 1 1 1 1 0 1 1 1 0 0 1 1 0
68 0 0 0 1 0 0 1 0 0 1 0 0 1 1 1 0
35 0 1 1 1 1 1 1 1 1 1 1 1 1 1 1 0
45 0 1 1 1 1 0 1 0 0 1 1 0 1 1 1 0
48 0 0 0 0 0 0 1 0 0 0 0 0 0 1 1 0
40 0 0 0 0 0 1 1 0 1 1 0 0 0 1 1 0
40 0 0 0 1 0 0 1 1 0 1 1 0 1 1 1 0
36 0 0 0 1 0 0 1 0 0 1 0 0 1 1 1 0
56 0 0 0 1 0 1 1 0 0 1 1 0 1 1 1 0
30 0 0 0 0 0 1 1 1 0 1 0 0 0 1 1 0
31 0 0 0 0 0 0 1 1 0 0 1 0 0 1 1 0
35 0 0 0 1 1 1 1 0 1 1 1 1 1 0 1 0
39 0 0 0 1 1 0 0 0 0 1 0 0 1 1 1 0
48 0 0 0 0 1 0 0 1 1 0 0 1 0 0 0 0
85 1 0 0 0 0 0 0 0 0 1 0 0 0 1 1 0
90 0 1 0 0 1 1 0 0 0 1 1 1 0 0 1 0
72 1 0 1 0 0 0 1 1 1 0 0 0 0 0 1 0
70 1 0 1 0 0 0 0 1 1 0 0 0 0 0 1 0
69 0 0 1 0 0 0 0 0 0 1 0 1 1 0 1 0
58 1 1 0 0 0 0 1 0 0 1 1 0 1 0 0 0
47 1 0 1 0 0 0 1 1 1 1 0 0 0 1 1 0
25 1 0 0 1 1 0 0 0 0 1 0 1 1 0 1 0
39 0 0 0 1 1 0 1 0 1 0 0 0 0 1 1 0
53 0 1 1 0 0 1 1 0 0 1 0 1 1 1 1 0
52 1 0 0 0 1 0 0 0 1 0 1 0 1 0 0 0
68 0 0 0 0 1 0 0 0 1 0 0 1 0 0 1 0
79 1 1 0 0 0 0 0 1 0 0 1 0 1 1 1 0
55 0 0 1 0 1 1 0 0 0 1 0 0 1 1 1 0
45 0 0 0 0 0 0 1 0 0 0 0 0 1 1 1 0
30 0 0 0 0 1 0 1 1 1 0 1 0 0 1 1 0
45 0 0 0 1 0 0 1 0 0 0 0 0 0 1 1 0
65 0 0 0 1 0 1 1 0 0 0 0 0 1 1 1 0
34 0 0 0 1 0 1 1 1 1 0 1 1 0 1 1 0
48 1 0 0 1 0 0 1 1 1 1 0 1 0 0 1 0
35 1 0 0 1 0 0 0 1 0 1 0 0 0 1 1 0
40 1 1 0 1 0 0 1 1 0 0 0 0 0 1 0 0
47 1 1 0 1 1 1 1 0 0 1 1 1 1 0 0 0
38 1 0 1 0 0 1 1 1 1 1 1 1 1 1 1 0
55 1 0 0 0 0 0 1 0 1 1 0 0 1 1 1 0
66 1 0 0 1 0 1 0 1 0 0 0 0 1 1 1 0
57 1 0 1 1 0 0 1 1 0 0 1 1 0 0 1 0
32 1 1 0 1 0 0 0 1 0 0 1 1 1 0 1 0
48 1 0 0 0 0 1 1 1 0 1 1 0 1 0 1 0
47 1 0 0 0 0 0 0 0 0 0 1 1 0 1 1 0
43 1 0 1 1 1 0 1 1 1 0 1 1 0 1 1 0
30 1 0 0 0 0 1 0 1 1 1 0 1 1 1 1 0
16 1 0 1 0 1 0 1 1 1 1 1 1 1 1 1 0
35 1 0 0 0 0 1 1 1 1 1 1 1 1 1 1 0
66 1 1 1 1 0 1 0 0 1 0 0 0 0 0 1 0
54 1 1 1 1 1 1 0 1 0 0 1 1 0 0 0 0
58 1 0 0 0 0 0 0 1 0 0 0 0 0 0 0 0
51 1 0 0 0 0 1 0 1 1 0 0 0 1 0 1 0
40 1 0 1 1 1 1 0 1 0 1 0 1 1 0 1 0
47 1 0 0 1 1 1 1 1 1 1 1 1 0 1 1 0
62 1 0 0 1 1 0 1 0 1 0 0 0 1 0 1 0
49 1 0 0 0 1 1 1 1 0 1 1 1 1 1 1 0
53 1 0 1 0 1 1 1 1 1 1 0 0 1 1 1 0
68 1 0 0 1 1 0 1 0 0 0 1 0 1 1 1 0
61 1 0 1 1 0 0 0 0 0 0 0 0 1 1 1 0
39 1 0 0 1 1 1 0 1 0 1 1 1 0 1 0 0
38 1 0 1 1 1 1 0 1 0 1 1 1 0 1 0 0
44 1 1 0 1 1 1 0 1 1 1 0 1 1 1 0 0
45 1 0 0 1 0 1 0 1 1 1 0 1 1 0 1 0
50 1 0 0 0 0 0 1 1 0 0 0 1 1 0 1 0
42 1 0 0 1 0 1 0 1 1 0 1 0 1 0 1 0
55 1 1 0 1 0 1 0 1 1 0 0 1 1 0 1 0
57 1 1 0 1 0 1 0 0 1 0 0 0 0 0 1 0
62 1 0 1 1 0 1 0 0 0 0 1 0 0 0 0 0
33 1 1 0 1 1 1 1 1 1 1 1 1 1 1 1 0
55 1 0 0 0 0 1 0 1 1 0 1 0 1 1 1 0
48 1 0 0 0 1 0 0 1 1 1 0 1 1 1 1 0
56 1 0 1 0 0 1 0 1 0 0 1 1 1 0 1 0
38 0 0 0 0 0 0 1 0 0 0 0 0 0 1 1 0
28 0 1 1 1 1 1 1 0 1 1 1 0 0 1 1 0
68 0 0 0 1 0 0 1 0 0 1 0 0 1 1 1 0
35 0 1 1 1 1 1 1 1 1 1 1 1 1 1 1 0
45 0 1 1 1 1 0 1 0 0 1 1 0 1 1 1 0
48 0 0 0 0 0 0 1 0 0 0 0 0 0 1 1 0
40 0 0 0 0 0 1 1 0 1 1 0 0 0 1 1 0
57 1 0 0 0 0 0 1 0 1 1 1 0 1 1 1 0
41 1 0 0 0 0 0 0 0 0 0 1 1 1 1 0 0
37 1 1 1 1 0 1 1 1 1 1 0 1 1 0 1 0
54 1 0 0 0 0 1 1 0 0 0 0 0 0 1 1 0
49 1 0 0 1 0 1 1 0 0 1 1 1 1 1 1 0
48 1 0 0 1 0 1 0 0 0 1 1 1 1 1 1 0
60 1 0 1 1 1 1 1 0 1 1 1 0 1 0 1 0
63 1 0 0 0 0 0 1 0 1 1 1 1 0 0 0 0
35 1 0 1 0 1 1 1 1 1 1 1 0 1 0 1 0
30 0 0 1 0 0 0 1 1 1 1 0 1 1 1 1 0
53 0 1 0 0 1 0 0 0 0 0 0 1 0 1 1 0
50 0 0 0 0 1 0 1 1 1 1 0 0 1 1 1 0
50 0 1 0 1 0 0 1 0 0 0 0 0 0 1 1 0
35 0 0 0 0 0 0 1 1 0 1 0 0 0 1 1 0
40 0 0 0 0 0 1 1 0 0 1 1 0 0 1 1 0
31 0 0 0 0 0 0 1 1 0 0 1 0 0 1 1 0
35 0 0 0 1 1 1 1 0 1 1 1 1 1 0 1 0
39 0 0 0 1 1 0 0 0 0 1 0 0 1 1 1 0
48 0 0 0 0 1 0 0 1 1 0 0 1 0 0 0 0
85 1 0 0 0 0 0 0 0 0 1 0 0 0 1 1 0
90 0 1 0 0 1 1 0 0 0 1 1 1 0 0 1 0
72 1 0 1 0 0 0 1 1 1 0 0 0 0 0 1 0
70 1 0 1 0 0 0 0 1 1 0 0 0 0 0 1 0
69 0 0 1 0 0 0 0 0 0 1 0 1 1 0 1 0
58 1 1 0 0 0 0 1 0 0 1 1 0 1 0 0 0
54 1 0 0 1 1 1 1 0 1 1 1 1 1 1 1 0
64 1 1 0 1 1 1 1 1 1 0 0 1 1 1 1 0
36 1 0 1 1 0 1 0 0 0 1 0 1 1 1 1 0
43 1 1 1 0 0 0 0 0 0 0 0 1 1 1 1 0
31 1 0 1 1 1 0 1 0 1 1 1 0 1 0 1 0
66 1 1 1 1 1 0 1 0 1 1 1 0 1 0 1 0
61 0 0 1 1 1 0 1 1 1 0 1 1 1 0 1 0
58 0 0 1 0 1 0 1 1 1 0 1 1 0 1 0 0
69 0 0 0 0 0 1 1 0 0 0 1 1 0 1 0 0
40 1 1 0 0 0 1 1 0 0 1 1 0 0 1 1 1
28 1 1 1 0 1 1 1 1 1 1 1 1 1 1 1 1
37 1 1 1 1 1 1 1 1 1 1 1 1 1 1 1 1
34 1 1 1 1 1 1 1 1 1 1 1 1 1 1 1 1
30 1 1 1 1 1 1 1 1 1 1 1 1 1 1 1 1
67 1 0 1 1 0 0 1 0 0 0 0 1 0 0 0 1
60 1 1 1 1 0 1 1 1 1 1 1 0 0 1 1 1
58 1 1 1 1 1 0 1 1 0 1 0 1 1 0 0 1
54 1 1 1 0 0 1 0 1 1 1 0 1 1 0 1 1
43 1 1 1 0 1 1 0 1 1 1 0 1 1 0 1 1
39 1 1 1 1 0 1 0 1 1 1 1 1 1 1 1 1
40 1 1 1 1 0 1 1 1 1 0 1 1 1 1 1 1
43 1 1 1 1 1 1 1 1 1 0 1 1 1 1 1 1
49 1 1 0 1 1 1 1 1 0 1 1 0 1 1 0 1
47 1 1 1 1 1 1 1 1 0 1 1 1 1 0 1 1
45 1 1 1 1 1 0 0 1 1 1 1 1 1 1 1 1
57 1 1 1 1 1 0 1 0 1 1 1 1 0 1 1 1
72 1 0 1 1 1 0 1 0 0 1 0 0 0 0 1 1
30 1 1 1 1 1 1 1 1 1 1 1 1 1 1 1 1
27 1 1 1 1 1 1 1 1 1 1 1 1 1 1 1 1
38 1 1 1 1 1 1 1 1 1 1 1 1 1 1 1 1
43 1 1 1 1 0 1 0 1 0 1 0 1 1 0 1 1
40 1 1 1 0 1 1 1 1 1 1 1 1 1 1 0 1
55 1 1 1 1 0 0 1 0 0 1 0 1 0 1 0 1
68 1 1 1 1 0 0 1 0 0 1 0 1 1 0 1 1
29 1 1 1 1 0 1 1 1 1 1 1 1 1 1 1 1
37 1 1 1 1 1 1 1 1 0 1 1 1 1 1 1 1
30 1 1 1 0 0 1 1 1 1 1 1 1 1 1 1 1
45 1 1 1 1 0 1 1 1 0 0 0 0 1 1 1 1
47 1 1 1 1 1 1 1 1 0 1 0 1 1 0 1 1
35 1 1 1 0 0 1 0 1 1 1 1 1 1 1 1 1
32 1 1 1 1 0 1 1 1 1 1 1 1 1 1 1 1
56 1 1 0 1 0 0 1 0 0 1 0 1 0 0 1 1
50 1 1 1 1 0 1 1 1 0 1 0 0 0 0 1 1
52 1 1 1 1 0 0 1 1 0 1 0 1 1 0 1 1
26 1 1 1 1 1 1 1 1 1 1 1 1 1 1 1 1
60 1 1 1 1 0 0 1 0 0 1 0 1 0 0 1 1
65 1 1 1 1 0 1 1 0 0 1 0 0 0 0 1 1
72 1 1 1 1 1 0 1 0 0 1 0 1 0 0 1 1
30 1 1 1 1 0 1 1 1 1 1 1 1 1 1 1 1
45 1 1 1 1 0 1 1 1 0 1 1 0 1 0 1 1
65 1 0 1 1 1 1 1 0 0 0 0 1 0 0 0 1
70 1 1 1 1 0 1 1 0 0 1 0 1 0 0 1 1
35 1 1 1 1 0 1 1 1 1 1 1 1 1 1 1 1
54 1 1 1 1 0 1 1 1 0 1 0 1 0 0 1 1
30 1 1 1 1 1 1 1 1 1 1 1 1 1 1 1 1
46 1 1 1 1 0 1 1 1 0 1 0 1 1 0 1 1
53 1 1 1 1 0 0 1 0 0 1 0 0 0 0 1 1
42 1 1 1 1 1 1 1 1 1 1 1 1 1 0 1 1
55 0 0 0 0 0 1 1 0 1 1 1 0 1 1 0 0
48 0 0 0 0 0 0 1 1 1 1 1 0 1 1 1 0
55 0 0 0 0 1 0 1 1 0 1 0 0 1 1 1 0
39 0 0 0 0 0 0 1 1 0 0 0 0 1 1 1 0
43 0 0 0 0 0 0 1 0 1 1 1 0 0 1 0 0
35 0 0 0 1 0 1 1 0 1 1 1 1 1 1 1 0
47 0 1 1 0 0 0 1 1 1 1 1 1 0 1 1 0
50 0 0 0 1 0 0 1 1 1 1 0 0 1 1 1 0
48 0 0 0 1 0 1 1 0 0 1 0 0 1 1 1 0
35 0 0 0 0 0 0 1 0 0 1 0 0 0 1 1 0
62 1 0 1 1 0 1 0 0 0 0 1 0 0 0 0 0
33 1 1 0 1 1 1 1 1 1 1 1 1 1 1 1 0
55 1 0 0 0 0 1 0 1 1 0 1 0 1 1 1 0
48 1 0 0 0 1 0 0 1 1 1 0 1 1 1 1 0
56 1 0 1 0 0 1 0 1 0 0 1 1 1 0 1 0
38 0 0 0 0 0 0 1 0 0 0 0 0 0 1 1 0
28 0 1 1 1 1 1 1 0 1 1 1 0 0 1 1 0
68 0 0 0 1 0 0 1 0 0 1 0 0 1 1 1 0
35 0 1 1 1 1 1 1 1 1 1 1 1 1 1 1 0
45 0 1 1 1 1 0 1 0 0 1 1 0 1 1 1 0
48 0 0 0 0 0 0 1 0 0 0 0 0 0 1 1 0
40 0 0 0 0 0 1 1 0 1 1 0 0 0 1 1 0
57 1 0 0 0 0 0 1 0 1 1 1 0 1 1 1 0
47 1 1 1 1 1 1 1 1 0 1 1 1 1 0 1 1
45 1 1 1 1 1 0 0 1 1 1 1 1 1 1 1 1
57 1 1 1 1 1 0 1 0 1 1 1 1 0 1 1 1
72 1 0 1 1 1 0 1 0 0 1 0 0 0 0 1 1
30 1 1 1 1 1 1 1 1 1 1 1 1 1 1 1 1
27 1 1 1 1 1 1 1 1 1 1 1 1 1 1 1 1
38 1 1 1 1 1 1 1 1 1 1 1 1 1 1 1 1
43 1 1 1 1 0 1 0 1 0 1 0 1 1 0 1 1
40 1 1 1 0 1 1 1 1 1 1 1 1 1 1 0 1
47 1 1 1 1 1 1 1 1 0 1 1 1 1 0 1 1
45 1 1 1 1 1 0 0 1 1 1 1 1 1 1 1 1
57 1 1 1 1 1 0 1 0 1 1 1 1 0 1 1 1
72 1 0 1 1 1 0 1 0 0 1 0 0 0 0 1 1
30 1 1 1 1 1 1 1 1 1 1 1 1 1 1 1 1
27 1 1 1 1 1 1 1 1 1 1 1 1 1 1 1 1
38 1 1 1 1 1 1 1 1 1 1 1 1 1 1 1 1
43 1 1 1 1 0 1 0 1 0 1 0 1 1 0 1 1
40 1 1 1 0 1 1 1 1 1 1 1 1 1 1 0 1
54 1 1 1 1 0 1 1 1 0 1 0 1 0 0 1 1
30 1 1 1 1 1 1 1 1 1 1 1 1 1 1 1 1
46 1 1 1 1 0 1 1 1 0 1 0 1 1 0 1 1
53 1 1 1 1 0 0 1 0 0 1 0 0 0 0 1 1
42 1 1 1 1 1 1 1 1 1 1 1 1 1 0 1 1
55 0 0 0 0 0 1 1 0 1 1 1 0 1 1 0 0
48 0 0 0 0 0 0 1 1 1 1 1 0 1 1 1 0
55 0 0 0 0 1 0 1 1 0 1 0 0 1 1 1 0
39 0 0 0 0 0 0 1 1 0 0 0 0 1 1 1 0
43 0 0 0 0 0 0 1 0 1 1 1 0 0 1 0 0
35 0 0 0 1 0 1 1 0 1 1 1 1 1 1 1 0
47 0 1 1 0 0 0 1 1 1 1 1 1 0 1 1 0
61 0 0 1 1 1 0 1 1 1 0 1 1 1 0 1 0
58 0 0 1 0 1 0 1 1 1 0 1 1 0 1 0 0
69 0 0 0 0 0 1 1 0 0 0 1 1 0 1 0 0
40 1 1 0 0 0 1 1 0 0 1 1 0 0 1 1 1
28 1 1 1 0 1 1 1 1 1 1 1 1 1 1 1 1
37 1 1 1 1 1 1 1 1 1 1 1 1 1 1 1 1
34 1 1 1 1 1 1 1 1 1 1 1 1 1 1 1 1
30 1 1 1 1 1 1 1 1 1 1 1 1 1 1 1 1
67 1 0 1 1 0 0 1 0 0 0 0 1 0 0 0 1
60 1 1 1 1 0 1 1 1 1 1 1 0 0 1 1 1
58 1 1 1 1 1 0 1 1 0 1 0 1 1 0 0 1
54 1 1 1 0 0 1 0 1 1 1 0 1 1 0 1 1
43 1 1 1 0 1 1 0 1 1 1 0 1 1 0 1 1
33 0 1 1 1 1 1 1 1 1 1 1 1 1 1 1 1
55 0 1 1 1 0 1 0 1 0 1 0 0 1 0 1 1
36 0 1 1 1 0 1 1 1 1 0 1 1 1 1 1 1
28 0 1 1 1 1 0 1 1 1 1 1 0 1 1 1 1
34 0 1 1 0 1 1 1 1 1 1 1 1 1 1 1 1
65 0 1 1 1 0 1 1 1 0 1 0 1 1 0 1 1
34 0 1 1 1 1 1 1 1 1 1 1 1 1 1 1 1
64 1 1 1 1 0 0 1 0 0 0 0 1 0 0 1 1
44 1 0 1 0 0 1 0 1 0 1 0 1 1 0 0 1
36 1 1 1 1 1 1 1 1 1 1 1 1 1 1 1 1
43 1 1 1 1 0 1 0 1 0 1 1 1 1 0 1 1
53 1 1 1 1 0 1 1 0 0 1 0 1 0 0 1 1
47 1 1 1 1 1 1 1 1 1 0 1 0 1 1 0 1
58 1 1 0 1 1 1 1 0 0 1 1 1 0 1 1 1
56 1 1 1 0 0 0 1 0 0 1 0 1 0 0 1 1
51 0 1 1 1 1 1 0 1 0 1 0 1 1 0 1 1
59 0 1 1 1 0 1 1 0 0 1 0 1 0 0 0 1
50 0 1 1 1 0 1 1 0 0 1 0 1 1 0 1 1
30 1 1 1 1 1 1 1 1 1 1 1 1 1 1 1 1
46 1 1 1 1 0 1 1 1 0 1 0 1 1 0 1 1
53 1 1 1 1 0 0 1 0 0 1 0 0 0 0 1 1
42 1 1 1 1 1 1 1 1 1 1 1 1 1 0 1 1
55 0 0 0 0 0 1 1 0 1 1 1 0 1 1 0 0
48 0 0 0 0 0 0 1 1 1 1 1 0 1 1 1 0
55 0 0 0 0 1 0 1 1 0 1 0 0 1 1 1 0
39 0 0 0 0 0 0 1 1 0 0 0 0 1 1 1 0
43 0 0 0 0 0 0 1 0 1 1 1 0 0 1 0 0
35 0 0 0 1 0 1 1 0 1 1 1 1 1 1 1 0
47 0 1 1 0 0 0 1 1 1 1 1 1 0 1 1 0
61 0 0 1 1 1 0 1 1 1 0 1 1 1 0 1 0
58 0 0 1 0 1 0 1 1 1 0 1 1 0 1 0 0
69 0 0 0 0 0 1 1 0 0 0 1 1 0 1 0 0
40 1 1 0 0 0 1 1 0 0 1 1 0 0 1 1 1
28 1 1 1 0 1 1 1 1 1 1 1 1 1 1 1 1
37 1 1 1 1 1 1 1 1 1 1 1 1 1 1 1 1
34 1 1 1 1 1 1 1 1 1 1 1 1 1 1 1 1
30 1 1 1 1 1 1 1 1 1 1 1 1 1 1 1 1
67 1 0 1 1 0 0 1 0 0 0 0 1 0 0 0 1
60 1 1 1 1 0 1 1 1 1 1 1 0 0 1 1 1
58 1 1 1 1 1 0 1 1 0 1 0 1 1 0 0 1
54 1 1 1 0 0 1 0 1 1 1 0 1 1 0 1 1
43 1 1 1 0 1 1 0 1 1 1 0 1 1 0 1 1
33 0 1 1 1 1 1 1 1 1 1 1 1 1 1 1 1
55 1 0 0 0 0 1 0 1 1 0 1 0 1 1 1 0
48 1 0 0 0 1 0 0 1 1 1 0 1 1 1 1 0
56 1 0 1 0 0 1 0 1 0 0 1 1 1 0 1 0
38 0 0 0 0 0 0 1 0 0 0 0 0 0 1 1 0
28 0 1 1 1 1 1 1 0 1 1 1 0 0 1 1 0
68 0 0 0 1 0 0 1 0 0 1 0 0 1 1 1 0
35 0 1 1 1 1 1 1 1 1 1 1 1 1 1 1 0
45 0 1 1 1 1 0 1 0 0 1 1 0 1 1 1 0
48 0 0 0 0 0 0 1 0 0 0 0 0 0 1 1 0
40 0 0 0 0 0 1 1 0 1 1 0 0 0 1 1 0
57 1 0 0 0 0 0 1 0 1 1 1 0 1 1 1 0
47 1 1 1 1 1 1 1 1 0 1 1 1 1 0 1 1
45 1 1 1 1 1 0 0 1 1 1 1 1 1 1 1 1
57 1 1 1 1 1 0 1 0 1 1 1 1 0 1 1 1
72 1 0 1 1 1 0 1 0 0 1 0 0 0 0 1 1
30 1 1 1 1 1 1 1 1 1 1 1 1 1 1 1 1
27 1 1 1 1 1 1 1 1 1 1 1 1 1 1 1 1
38 1 1 1 1 1 1 1 1 1 1 1 1 1 1 1 1
43 1 1 1 1 0 1 0 1 0 1 0 1 1 0 1 1
40 1 1 1 0 1 1 1 1 1 1 1 1 1 1 0 1
47 1 0 0 1 1 1 1 1 1 1 1 1 0 1 1 0
62 1 0 0 1 1 0 1 0 1 0 0 0 1 0 1 0
49 1 0 0 0 1 1 1 1 0 1 1 1 1 1 1 0
53 1 0 1 0 1 1 1 1 1 1 0 0 1 1 1 0
68 1 0 0 1 1 0 1 0 0 0 1 0 1 1 1 0
61 1 0 1 1 0 0 0 0 0 0 0 0 1 1 1 0
39 1 0 0 1 1 1 0 1 0 1 1 1 0 1 0 0
38 1 0 1 1 1 1 0 1 0 1 1 1 0 1 0 0
44 1 0 1 0 0 1 0 1 0 1 0 1 1 0 0 1
36 1 1 1 1 1 1 1 1 1 1 1 1 1 1 1 1
43 1 1 1 1 0 1 0 1 0 1 1 1 1 0 1 1
53 1 1 1 1 0 1 1 0 0 1 0 1 0 0 1 1
47 1 1 1 1 1 1 1 1 1 0 1 0 1 1 0 1
58 1 1 0 1 1 1 1 0 0 1 1 1 0 1 1 1
56 1 1 1 0 0 0 1 0 0 1 0 1 0 0 1 1
51 0 1 1 1 1 1 0 1 0 1 0 1 1 0 1 1
59 0 1 1 1 0 1 1 0 0 1 0 1 0 0 0 1
50 0 1 1 1 0 1 1 0 0 1 0 1 1 0 1 1
30 1 1 1 1 1 1 1 1 1 1 1 1 1 1 1 1
46 1 1 1 1 0 1 1 1 0 1 0 1 1 0 1 1
53 1 1 1 1 0 0 1 0 0 1 0 0 0 0 1 1
64 1 1 1 1 0 0 1 0 0 0 0 1 0 0 1 1
44 1 0 1 0 0 1 0 1 0 1 0 1 1 0 0 1
36 1 1 1 1 1 1 1 1 1 1 1 1 1 1 1 1
43 1 1 1 1 0 1 0 1 0 1 1 1 1 0 1 1
53 1 1 1 1 0 1 1 0 0 1 0 1 0 0 1 1
47 1 1 1 1 1 1 1 1 1 0 1 0 1 1 0 1
58 1 1 0 1 1 1 1 0 0 1 1 1 0 1 1 1
56 1 1 1 0 0 0 1 0 0 1 0 1 0 0 1 1
51 0 1 1 1 1 1 0 1 0 1 0 1 1 0 1 1
59 0 1 1 1 0 1 1 0 0 1 0 1 0 0 0 1
50 0 1 1 1 0 1 1 0 0 1 0 1 1 0 1 1
30 1 1 1 1 1 1 1 1 1 1 1 1 1 1 1 1
46 1 1 1 1 0 1 1 1 0 1 0 1 1 0 1 1
53 1 1 1 1 0 0 1 0 0 1 0 0 0 0 1 1
42 1 1 1 1 1 1 1 1 1 1 1 1 1 0 1 1
55 0 0 0 0 0 1 1 0 1 1 1 0 1 1 0 0
48 0 0 0 0 0 0 1 1 1 1 1 0 1 1 1 0
55 0 0 0 0 1 0 1 1 0 1 0 0 1 1 1 0
39 0 0 0 0 0 0 1 1 0 0 0 0 1 1 1 0
43 0 0 0 0 0 0 1 0 1 1 1 0 0 1 0 0
35 0 0 0 1 0 1 1 0 1 1 1 1 1 1 1 0
47 0 1 1 0 0 0 1 1 1 1 1 1 0 1 1 0
61 0 0 1 1 1 0 1 1 1 0 1 1 1 0 1 0
67 1 1 0 1 0 0 1 0 1 0 0 0 0 0 0 0
66 1 0 0 1 0 0 1 0 1 1 1 0 0 1 1 0
43 1 0 0 0 0 1 0 1 1 1 1 1 1 1 1 0
62 1 0 0 1 0 0 1 0 1 0 1 0 0 1 1 0
54 1 0 0 0 0 0 0 0 0 1 0 1 0 0 1 0
39 1 0 1 0 1 1 0 1 0 0 1 1 1 0 1 0
48 1 1 0 0 0 1 1 0 0 0 0 1 1 1 1 0
58 1 0 0 0 0 0 1 0 1 1 0 0 0 1 0 0
32 1 1 1 1 1 1 0 1 1 0 0 1 1 1 0 0
42 1 1 1 1 0 0 1 1 1 0 1 1 0 1 1 0
52 1 0 0 0 0 0 1 0 0 1 0 0 0 1 1 0
38 1 1 0 1 1 1 0 1 1 1 1 1 1 0 1 0
53 1 0 0 0 0 0 1 0 1 0 1 0 1 0 1 0
57 1 0 0 0 0 0 1 0 1 1 1 0 1 1 1 0
41 1 0 0 0 0 0 0 0 0 0 1 1 1 1 0 0
37 1 1 1 1 0 1 1 1 1 1 0 1 1 0 1 0
54 1 0 0 0 0 1 1 0 0 0 0 0 0 1 1 0
49 1 0 0 1 0 1 1 0 0 1 1 1 1 1 1 0
48 1 0 0 1 0 1 0 0 0 1 1 1 1 1 1 0
60 1 0 1 1 1 1 1 0 1 1 1 0 1 0 1 0
63 1 0 0 0 0 0 1 0 1 1 1 1 0 0 0 0
35 1 0 1 0 1 1 1 1 1 1 1 0 1 0 1 0
30 0 0 1 0 0 0 1 1 1 1 0 1 1 1 1 0
53 0 1 0 0 1 0 0 0 0 0 0 1 0 1 1 0
50 0 0 0 0 1 0 1 1 1 1 0 0 1 1 1 0
50 0 1 0 1 0 0 1 0 0 0 0 0 0 1 1 0
35 0 0 0 0 0 0 1 1 0 1 0 0 0 1 1 0
40 0 0 0 0 0 1 1 0 0 1 1 0 0 1 1 0
48 0 1 1 0 0 1 1 0 0 1 0 0 1 1 1 0
60 0 0 0 0 0 0 1 0 0 1 0 0 0 1 0 0
38 0 0 0 0 0 0 1 0 0 0 0 0 0 1 1 0
28 0 1 1 1 1 1 1 0 1 1 1 0 0 1 1 0
68 0 0 0 1 0 0 1 0 0 1 0 0 1 1 1 0
35 0 1 1 1 1 1 1 1 1 1 1 1 1 1 1 0
45 0 1 1 1 1 0 1 0 0 1 1 0 1 1 1 0
48 0 0 0 0 0 0 1 0 0 0 0 0 0 1 1 0
40 0 0 0 0 0 1 1 0 1 1 0 0 0 1 1 0
57 1 0 0 0 0 0 1 0 1 1 1 0 1 1 1 0
47 1 1 1 1 1 1 1 1 0 1 1 1 1 0 1 1
45 1 1 1 1 1 0 0 1 1 1 1 1 1 1 1 1
57 1 1 1 1 1 0 1 0 1 1 1 1 0 1 1 1
72 1 0 1 1 1 0 1 0 0 1 0 0 0 0 1 1
30 1 1 1 1 1 1 1 1 1 1 1 1 1 1 1 1
27 1 1 1 1 1 1 1 1 1 1 1 1 1 1 1 1
38 1 1 1 1 1 1 1 1 1 1 1 1 1 1 1 1
43 1 1 1 1 0 1 0 1 0 1 0 1 1 0 1 1
40 1 1 1 0 1 1 1 1 1 1 1 1 1 1 0 1
47 1 1 1 1 1 1 1 1 0 1 1 1 1 0 1 1
45 1 1 1 1 1 0 0 1 1 1 1 1 1 1 1 1
57 1 1 1 1 1 0 1 0 1 1 1 1 0 1 1 1
72 1 0 1 1 1 0 1 0 0 1 0 0 0 0 1 1
30 1 1 1 1 1 1 1 1 1 1 1 1 1 1 1 1
27 1 1 1 1 1 1 1 1 1 1 1 1 1 1 1 1
38 1 1 1 1 1 1 1 1 1 1 1 1 1 1 1 1
43 1 1 1 1 0 1 0 1 0 1 0 1 1 0 1 1
40 1 1 1 0 1 1 1 1 1 1 1 1 1 1 0 1
54 1 1 1 1 0 1 1 1 0 1 0 1 0 0 1 1
30 1 1 1 1 1 1 1 1 1 1 1 1 1 1 1 1
46 1 1 1 1 0 1 1 1 0 1 0 1 1 0 1 1
53 1 1 1 1 0 0 1 0 0 1 0 0 0 0 1 1
42 1 1 1 1 1 1 1 1 1 1 1 1 1 0 1 1
55 0 0 0 0 0 1 1 0 1 1 1 0 1 1 0 0
48 0 0 0 0 0 0 1 1 1 1 1 0 1 1 1 0
55 0 0 0 0 1 0 1 1 0 1 0 0 1 1 1 0
39 0 0 0 0 0 0 1 1 0 0 0 0 1 1 1 0
43 0 0 0 0 0 0 1 0 1 1 1 0 0 1 0 0
50 0 1 1 1 0 1 1 0 0 1 0 1 1 0 1 1
30 1 1 1 1 1 1 1 1 1 1 1 1 1 1 1 1
46 1 1 1 1 0 1 1 1 0 1 0 1 1 0 1 1
53 1 1 1 1 0 0 1 0 0 1 0 0 0 0 1 1
64 1 1 1 1 0 0 1 0 0 0 0 1 0 0 1 1
44 1 0 1 0 0 1 0 1 0 1 0 1 1 0 0 1
36 1 1 1 1 1 1 1 1 1 1 1 1 1 1 1 1
43 1 1 1 1 0 1 0 1 0 1 1 1 1 0 1 1
53 1 1 1 1 0 1 1 0 0 1 0 1 0 0 1 1
47 1 1 1 1 1 1 1 1 1 0 1 0 1 1 0 1
68 0 0 0 1 0 0 1 0 0 1 0 0 1 1 1 0
64 1 1 1 1 0 0 1 0 0 0 0 1 0 0 1 1
66 1 0 1 0 1 1 0 1 0 0 1 1 1 0 1 0
67 1 1 1 1 1 0 1 0 1 1 1 1 0 1 1 1
70 1 0 1 1 1 0 1 0 0 1 0 0 0 0 1 1
44 1 1 1 1 1 1 1 1 1 1 1 1 1 1 1 1
38 1 1 1 1 1 1 1 1 1 1 1 1 1 1 1 1
35 1 1 1 1 1 1 1 1 1 1 1 1 1 1 1 1
61 1 1 1 1 0 1 0 1 0 1 0 1 1 0 1 1
60 1 1 1 0 1 1 1 1 1 1 1 1 1 1 0 1
58 1 1 1 1 0 1 1 1 0 1 0 1 0 0 1 1
54 1 1 1 1 1 1 1 1 1 1 1 1 1 1 1 1
67 1 1 1 1 0 1 1 1 0 1 0 1 1 0 1 1
66 1 1 1 1 0 0 1 0 0 1 0 0 0 0 1 1
43 1 1 1 1 1 1 1 1 1 1 1 1 1 0 1 1
62 0 0 0 0 0 1 1 0 1 1 1 0 1 1 0 0
54 0 0 0 0 0 0 1 1 1 1 1 0 1 1 1 0
39 0 0 0 0 1 0 1 1 0 1 0 0 1 1 1 0
48 0 0 0 0 0 0 1 1 0 0 0 0 1 1 1 0
58 0 0 0 0 0 0 1 0 1 1 1 0 0 1 0 0
32 0 1 1 1 0 1 1 0 0 1 0 1 1 0 1 1
42 1 1 1 1 1 1 1 1 1 1 1 1 1 1 1 1
